========================================
 Experiement Settings: num_groups = 2
========================================
Missrate Out (Reconstructed Bases):
                SRatio_0_1 SRatio_0_2 SRatio_0_3 SRatio_0_4 SRatio_0_5 SRatio_0_6 
RRatio_0_02     0.0000     0.0000     0.0000     0.0000     0.0000     0.0000     
RRatio_0_04     0.0000     0.0000     0.0000     0.0000     0.0000     0.0069     
RRatio_0_06     0.0000     0.0000     0.0000     0.0000     0.0000     0.0208     
RRatio_0_08     0.0000     0.0000     0.0000     0.0000     0.0000     0.0069     
RRatio_0_10     0.0000     0.0000     0.0000     0.0000     0.0000     0.0139     
RRatio_0_12     0.0000     0.0000     0.0000     0.0000     0.0000     0.0208     
RRatio_0_14     0.0000     0.0000     0.0000     0.0000     0.0000     0.0625     
RRatio_0_16     0.0000     0.0000     0.0000     0.0000     0.0420     0.0839     
RRatio_0_18     0.0000     0.0000     0.0000     0.0000     0.0211     0.1042     
RRatio_0_20     0.0000     0.0000     0.0000     0.0072     0.0352     0.0694     
RRatio_0_22     0.0000     0.0000     0.0000     0.0000     0.0347     0.1329     
RRatio_0_24     0.0000     0.0000     0.0000     0.0071     0.0352     0.1399     
RRatio_0_26     0.0000     0.0000     0.0000     0.0000     0.0282     0.1528     
RRatio_0_28     0.0000     0.0000     0.0000     0.0072     0.0496     0.2378     
RRatio_0_30     0.0000     0.0000     0.0000     0.0146     0.0839     0.2028     
RRatio_0_32     0.0000     0.0000     0.0000     0.0070     0.1151     0.2606     
RRatio_0_34     0.0000     0.0000     0.0000     0.0741     0.1295     0.2676     
RRatio_0_36     0.0000     0.0000     0.0308     0.1259     0.1765     0.2746     
RRatio_0_38     0.0000     0.0000     0.0155     0.1022     0.1594     0.2847     
RRatio_0_40     0.0000     0.0000     0.0476     0.1654     0.1852     0.3022     
RRatio_0_42     0.0000     0.0250     0.0500     0.2205     0.2424     0.3284     
RRatio_0_44     0.0000     0.0254     0.1570     0.2080     0.3852     0.2778     
RRatio_0_46     0.0000     0.0442     0.0902     0.2109     0.2560     0.3680     
RRatio_0_48     0.0000     0.0174     0.0862     0.2377     0.2661     0.3529     
RRatio_0_50     0.0093     0.0291     0.1565     0.3162     0.2975     0.4590     

Missrate Out (GT Bases):
                SRatio_0_1 SRatio_0_2 SRatio_0_3 SRatio_0_4 SRatio_0_5 SRatio_0_6 
RRatio_0_02     0.0000     0.0000     0.0000     0.0000     0.0000     0.0000     
RRatio_0_04     0.0000     0.0000     0.0000     0.0000     0.0000     0.0069     
RRatio_0_06     0.0000     0.0000     0.0000     0.0000     0.0000     0.0208     
RRatio_0_08     0.0000     0.0000     0.0000     0.0000     0.0000     0.0069     
RRatio_0_10     0.0000     0.0000     0.0000     0.0000     0.0000     0.0139     
RRatio_0_12     0.0000     0.0000     0.0000     0.0000     0.0000     0.0139     
RRatio_0_14     0.0000     0.0000     0.0000     0.0000     0.0000     0.0694     
RRatio_0_16     0.0000     0.0000     0.0000     0.0000     0.0417     0.0694     
RRatio_0_18     0.0000     0.0000     0.0000     0.0000     0.0139     0.1111     
RRatio_0_20     0.0000     0.0000     0.0000     0.0069     0.0486     0.0694     
RRatio_0_22     0.0000     0.0000     0.0000     0.0069     0.0347     0.1528     
RRatio_0_24     0.0000     0.0000     0.0000     0.0069     0.0486     0.1250     
RRatio_0_26     0.0000     0.0000     0.0000     0.0000     0.0208     0.1111     
RRatio_0_28     0.0000     0.0000     0.0000     0.0069     0.0556     0.2083     
RRatio_0_30     0.0000     0.0000     0.0000     0.0139     0.0694     0.2361     
RRatio_0_32     0.0000     0.0000     0.0069     0.0000     0.0903     0.2708     
RRatio_0_34     0.0000     0.0000     0.0000     0.0069     0.1389     0.2708     
RRatio_0_36     0.0000     0.0000     0.0000     0.0069     0.1667     0.3542     
RRatio_0_38     0.0000     0.0000     0.0069     0.0278     0.1250     0.2292     
RRatio_0_40     0.0000     0.0000     0.0000     0.0833     0.2083     0.3264     
RRatio_0_42     0.0000     0.0000     0.0139     0.0625     0.2083     0.2847     
RRatio_0_44     0.0000     0.0000     0.0139     0.1042     0.1597     0.3125     
RRatio_0_46     0.0000     0.0000     0.0069     0.1181     0.1944     0.3194     
RRatio_0_48     0.0000     0.0069     0.0208     0.0903     0.2222     0.2569     
RRatio_0_50     0.0000     0.0000     0.0417     0.1181     0.2292     0.3958     

Recover Error (Reconstructed Bases):
                SRatio_0_1 SRatio_0_2 SRatio_0_3 SRatio_0_4 SRatio_0_5 SRatio_0_6 
RRatio_0_02     0.0016     0.0015     0.0013     0.0014     0.0015     0.1667     
RRatio_0_04     0.0041     0.0045     0.0045     0.0041     0.0045     0.0719     
RRatio_0_06     0.0174     0.0113     0.0059     0.0063     0.0544     0.2346     
RRatio_0_08     0.0405     0.0257     0.0266     0.0072     0.0842     0.3634     
RRatio_0_10     0.0432     0.0378     0.0213     0.0408     0.2125     0.3780     
RRatio_0_12     0.0435     0.0570     0.0588     0.0438     0.1679     0.4627     
RRatio_0_14     0.0551     0.0606     0.0541     0.1486     0.2273     0.5451     
RRatio_0_16     0.0657     0.0701     0.0673     0.0889     0.3361     0.5889     
RRatio_0_18     0.0782     0.0995     0.0967     0.1352     0.3369     0.6772     
RRatio_0_20     0.0764     0.1002     0.1177     0.2350     0.4910     0.7452     
RRatio_0_22     0.0840     0.1199     0.1166     0.1876     0.3977     0.8011     
RRatio_0_24     0.1076     0.1321     0.1482     0.2698     0.5117     0.8189     
RRatio_0_26     0.1159     0.1550     0.1569     0.2984     0.5612     0.8510     
RRatio_0_28     0.1226     0.1587     0.1846     0.3718     0.6153     0.9366     
RRatio_0_30     0.1334     0.1643     0.1931     0.4282     0.7060     0.9904     
RRatio_0_32     0.1342     0.1670     0.3513     0.4374     0.7721     1.0323     
RRatio_0_34     0.1312     0.2436     0.3527     0.6741     0.8522     1.0309     
RRatio_0_36     0.1549     0.2065     0.3743     0.6860     0.8665     1.0379     
RRatio_0_38     0.1509     0.3021     0.4749     0.6898     0.8809     1.0698     
RRatio_0_40     0.1745     0.3288     0.5394     0.8163     0.9475     1.0748     
RRatio_0_42     0.1945     0.4134     0.6493     0.8581     0.9686     1.1006     
RRatio_0_44     0.2198     0.4786     0.6855     0.9182     1.0488     1.1087     
RRatio_0_46     0.2904     0.4829     0.7034     0.9138     1.0308     1.1127     
RRatio_0_48     0.2522     0.5045     0.7398     0.9235     1.0467     1.1344     
RRatio_0_50     0.2933     0.5749     0.7725     0.9687     1.0610     1.1541     

Recover Error (Reconstructed Bases with Detected True Outliers):
                SRatio_0_1 SRatio_0_2 SRatio_0_3 SRatio_0_4 SRatio_0_5 SRatio_0_6 
RRatio_0_02     0.0006     0.0006     0.0005     0.0006     0.0006     0.1667     
RRatio_0_04     0.0036     0.0038     0.0038     0.0040     0.0038     0.0690     
RRatio_0_06     0.0049     0.0049     0.0050     0.0055     0.0572     0.2350     
RRatio_0_08     0.0057     0.0062     0.0060     0.0067     0.0911     0.3629     
RRatio_0_10     0.0066     0.0064     0.0067     0.0074     0.2241     0.3751     
RRatio_0_12     0.0066     0.0073     0.0076     0.0076     0.1636     0.4644     
RRatio_0_14     0.0072     0.0074     0.0081     0.1443     0.2286     0.5728     
RRatio_0_16     0.0080     0.0083     0.0087     0.0780     0.3352     0.5560     
RRatio_0_18     0.0083     0.0085     0.0095     0.1075     0.3092     0.6916     
RRatio_0_20     0.0084     0.0092     0.0100     0.1904     0.5126     0.7406     
RRatio_0_22     0.0090     0.0094     0.0105     0.1904     0.3984     0.8041     
RRatio_0_24     0.0092     0.0099     0.0718     0.2632     0.5185     0.8061     
RRatio_0_26     0.0094     0.0761     0.0107     0.2742     0.5556     0.8463     
RRatio_0_28     0.0098     0.0104     0.0752     0.3192     0.6116     0.8943     
RRatio_0_30     0.0100     0.0110     0.1355     0.3332     0.7013     0.9878     
RRatio_0_32     0.0107     0.0459     0.2027     0.4245     0.7092     1.0205     
RRatio_0_34     0.0106     0.0113     0.1084     0.4424     0.8039     1.0199     
RRatio_0_36     0.0109     0.0143     0.2045     0.4996     0.8164     1.0448     
RRatio_0_38     0.0113     0.0668     0.2705     0.5091     0.8111     1.0426     
RRatio_0_40     0.0112     0.0937     0.3050     0.6008     0.8865     1.0625     
RRatio_0_42     0.0115     0.1134     0.4144     0.6822     0.9258     1.0817     
RRatio_0_44     0.0121     0.1354     0.3594     0.6901     0.9064     1.0930     
RRatio_0_46     0.0600     0.1284     0.4148     0.7544     0.9373     1.0960     
RRatio_0_48     0.0121     0.2102     0.4539     0.7529     0.9639     1.0971     
RRatio_0_50     0.0124     0.2308     0.5112     0.7832     0.9783     1.1268     

Recover Error (GT Bases):
                SRatio_0_1 SRatio_0_2 SRatio_0_3 SRatio_0_4 SRatio_0_5 SRatio_0_6 
RRatio_0_02     0.0006     0.0006     0.0005     0.0006     0.0006     0.1667     
RRatio_0_04     0.0036     0.0038     0.0038     0.0040     0.0038     0.0690     
RRatio_0_06     0.0049     0.0049     0.0050     0.0055     0.0572     0.2350     
RRatio_0_08     0.0057     0.0062     0.0060     0.0067     0.0911     0.3629     
RRatio_0_10     0.0066     0.0064     0.0067     0.0074     0.2241     0.3751     
RRatio_0_12     0.0066     0.0073     0.0076     0.0076     0.1636     0.4644     
RRatio_0_14     0.0072     0.0074     0.0081     0.1443     0.2286     0.5728     
RRatio_0_16     0.0080     0.0083     0.0087     0.0780     0.3352     0.5560     
RRatio_0_18     0.0083     0.0085     0.0095     0.1075     0.3092     0.6916     
RRatio_0_20     0.0084     0.0092     0.0100     0.1904     0.5126     0.7406     
RRatio_0_22     0.0090     0.0094     0.0105     0.1904     0.3984     0.8041     
RRatio_0_24     0.0092     0.0099     0.0718     0.2632     0.5185     0.8061     
RRatio_0_26     0.0094     0.0761     0.0107     0.2742     0.5556     0.8463     
RRatio_0_28     0.0098     0.0104     0.0752     0.3192     0.6116     0.8943     
RRatio_0_30     0.0100     0.0110     0.1355     0.3332     0.7013     0.9878     
RRatio_0_32     0.0107     0.0459     0.2027     0.4245     0.7092     1.0205     
RRatio_0_34     0.0106     0.0113     0.1084     0.4424     0.8039     1.0199     
RRatio_0_36     0.0109     0.0143     0.2045     0.4996     0.8164     1.0448     
RRatio_0_38     0.0113     0.0668     0.2705     0.5091     0.8111     1.0426     
RRatio_0_40     0.0112     0.0937     0.3050     0.6008     0.8865     1.0625     
RRatio_0_42     0.0115     0.1134     0.4144     0.6822     0.9258     1.0817     
RRatio_0_44     0.0121     0.1354     0.3594     0.6901     0.9064     1.0930     
RRatio_0_46     0.0600     0.1284     0.4148     0.7544     0.9373     1.0960     
RRatio_0_48     0.0121     0.2102     0.4539     0.7529     0.9639     1.0971     
RRatio_0_50     0.0124     0.2308     0.5112     0.7832     0.9783     1.1268     

Missrate In (SSC):
                SRatio_0_1 SRatio_0_2 SRatio_0_3 SRatio_0_4 SRatio_0_5 SRatio_0_6 
RRatio_0_02     0.0000     0.0000     0.0000     0.0000     0.0000     0.0000     
RRatio_0_04     0.0000     0.0000     0.0000     0.0000     0.0000     0.0000     
RRatio_0_06     0.0000     0.0000     0.0000     0.0000     0.0000     0.0000     
RRatio_0_08     0.0000     0.0000     0.0000     0.0000     0.0000     0.0000     
RRatio_0_10     0.0000     0.0000     0.0000     0.0000     0.0000     0.0000     
RRatio_0_12     0.0000     0.0000     0.0000     0.0000     0.0000     0.0000     
RRatio_0_14     0.0000     0.0000     0.0000     0.0000     0.0000     0.0000     
RRatio_0_16     0.0000     0.0000     0.0000     0.0000     0.0000     0.0000     
RRatio_0_18     0.0000     0.0000     0.0000     0.0000     0.0000     0.0000     
RRatio_0_20     0.0000     0.0000     0.0000     0.0000     0.0000     0.0000     
RRatio_0_22     0.0000     0.0000     0.0000     0.0000     0.0000     0.0000     
RRatio_0_24     0.0000     0.0000     0.0000     0.0000     0.0000     0.0000     
RRatio_0_26     0.0000     0.0000     0.0000     0.0000     0.0000     0.0000     
RRatio_0_28     0.0000     0.0000     0.0000     0.0000     0.0208     0.0000     
RRatio_0_30     0.0000     0.0000     0.0000     0.0000     0.0000     0.0000     
RRatio_0_32     0.0000     0.0000     0.0000     0.0000     0.0000     0.0000     
RRatio_0_34     0.0000     0.0000     0.0000     0.0104     0.0000     0.0104     
RRatio_0_36     0.0000     0.0000     0.0000     0.0000     0.0208     0.0000     
RRatio_0_38     0.0000     0.0000     0.0000     0.0000     0.0104     0.0417     
RRatio_0_40     0.0000     0.0000     0.0104     0.0000     0.0104     0.0000     
RRatio_0_42     0.0000     0.0000     0.0104     0.0313     0.0104     0.0208     
RRatio_0_44     0.0000     0.0000     0.0104     0.0313     0.0313     0.0417     
RRatio_0_46     0.0000     0.0104     0.0104     0.0417     0.0000     0.0938     
RRatio_0_48     0.0000     0.0000     0.0000     0.0417     0.0625     0.0521     
RRatio_0_50     0.0000     0.0000     0.0000     0.0313     0.0625     0.0833     

Undetected Outlier Ratio:
                SRatio_0_1 SRatio_0_2 SRatio_0_3 SRatio_0_4 SRatio_0_5 SRatio_0_6 
RRatio_0_02     0.0139     0.0000     0.0000     0.0000     0.0000     0.0000     
RRatio_0_04     0.0278     0.0000     0.0000     0.0000     0.0000     0.0000     
RRatio_0_06     0.1181     0.0139     0.0000     0.0000     0.0000     0.0000     
RRatio_0_08     0.2153     0.0278     0.0139     0.0000     0.0069     0.0000     
RRatio_0_10     0.1597     0.0486     0.0069     0.0139     0.0000     0.0000     
RRatio_0_12     0.2153     0.0625     0.0417     0.0139     0.0000     0.0000     
RRatio_0_14     0.2083     0.0833     0.0417     0.0069     0.0000     0.0000     
RRatio_0_16     0.2222     0.0903     0.0347     0.0139     0.0069     0.0069     
RRatio_0_18     0.2083     0.1181     0.0417     0.0139     0.0139     0.0000     
RRatio_0_20     0.1944     0.0972     0.0625     0.0417     0.0139     0.0000     
RRatio_0_22     0.2222     0.1181     0.0486     0.0139     0.0000     0.0069     
RRatio_0_24     0.2153     0.1181     0.0417     0.0208     0.0139     0.0069     
RRatio_0_26     0.2222     0.0972     0.0833     0.0486     0.0139     0.0000     
RRatio_0_28     0.3056     0.1667     0.0556     0.0347     0.0208     0.0069     
RRatio_0_30     0.2778     0.1319     0.0486     0.0486     0.0069     0.0069     
RRatio_0_32     0.2639     0.1250     0.0972     0.0139     0.0347     0.0139     
RRatio_0_34     0.2153     0.1667     0.0833     0.0625     0.0347     0.0139     
RRatio_0_36     0.2569     0.1389     0.0972     0.0625     0.0556     0.0139     
RRatio_0_38     0.2708     0.1736     0.1042     0.0486     0.0417     0.0486     
RRatio_0_40     0.2847     0.1875     0.1250     0.1181     0.0625     0.0347     
RRatio_0_42     0.3056     0.1667     0.1667     0.1181     0.0833     0.0694     
RRatio_0_44     0.2639     0.1806     0.1597     0.1319     0.1528     0.1250     
RRatio_0_46     0.2986     0.2153     0.1528     0.1111     0.1319     0.1319     
RRatio_0_48     0.3194     0.2014     0.1944     0.1528     0.1389     0.1736     
RRatio_0_50     0.2569     0.2847     0.2014     0.1875     0.1597     0.1528     


========================================
 Experiement Settings: num_groups = 3
========================================
Missrate Out (Reconstructed Bases):
                SRatio_0_1 SRatio_0_2 SRatio_0_3 SRatio_0_4 SRatio_0_5 SRatio_0_6 
RRatio_0_02     0.0000     0.0000     0.0000     0.0000     0.0000     0.0046     
RRatio_0_04     0.0000     0.0000     0.0000     0.0000     0.0000     0.0185     
RRatio_0_06     0.0000     0.0000     0.0000     0.0000     0.0000     0.0279     
RRatio_0_08     0.0000     0.0000     0.0000     0.0000     0.0140     0.0370     
RRatio_0_10     0.0000     0.0000     0.0000     0.0000     0.0046     0.0324     
RRatio_0_12     0.0000     0.0000     0.0000     0.0000     0.0279     0.0833     
RRatio_0_14     0.0000     0.0000     0.0000     0.0000     0.0047     0.0972     
RRatio_0_16     0.0000     0.0000     0.0000     0.0000     0.0233     0.0833     
RRatio_0_18     0.0000     0.0000     0.0000     0.0000     0.0047     0.1442     
RRatio_0_20     0.0000     0.0000     0.0000     0.0000     0.0047     0.1028     
RRatio_0_22     0.0000     0.0000     0.0000     0.0094     0.0374     0.1953     
RRatio_0_24     0.0000     0.0000     0.0000     0.0142     0.0427     0.2523     
RRatio_0_26     0.0000     0.0000     0.0050     0.0143     0.1070     0.2186     
RRatio_0_28     0.0000     0.0000     0.0000     0.0144     0.1121     0.2689     
RRatio_0_30     0.0000     0.0000     0.0100     0.0390     0.1546     0.3081     
RRatio_0_32     0.0000     0.0000     0.0050     0.0443     0.1388     0.3223     
RRatio_0_34     0.0000     0.0000     0.0207     0.0842     0.2598     0.4163     
RRatio_0_36     0.0000     0.0000     0.0256     0.1194     0.2970     0.4341     
RRatio_0_38     0.0000     0.0000     0.0585     0.1400     0.2764     0.4341     
RRatio_0_40     0.0000     0.0000     0.0842     0.2240     0.3698     0.4384     
RRatio_0_42     0.0000     0.0057     0.1093     0.2678     0.4485     0.4792     
RRatio_0_44     0.0000     0.0347     0.2139     0.4190     0.4570     0.5469     
RRatio_0_46     0.0063     0.0491     0.2500     0.3429     0.4326     0.5272     
RRatio_0_48     0.0000     0.0958     0.2209     0.4012     0.4693     0.5488     
RRatio_0_50     0.0207     0.0563     0.3313     0.4907     0.5263     0.5488     

Missrate Out (GT Bases):
                SRatio_0_1 SRatio_0_2 SRatio_0_3 SRatio_0_4 SRatio_0_5 SRatio_0_6 
RRatio_0_02     0.0000     0.0000     0.0000     0.0000     0.0000     0.0046     
RRatio_0_04     0.0000     0.0000     0.0000     0.0000     0.0000     0.0185     
RRatio_0_06     0.0000     0.0000     0.0000     0.0000     0.0000     0.0278     
RRatio_0_08     0.0000     0.0000     0.0000     0.0000     0.0093     0.0370     
RRatio_0_10     0.0000     0.0000     0.0000     0.0000     0.0046     0.0370     
RRatio_0_12     0.0000     0.0000     0.0000     0.0000     0.0278     0.0926     
RRatio_0_14     0.0000     0.0000     0.0000     0.0000     0.0046     0.0972     
RRatio_0_16     0.0000     0.0000     0.0000     0.0000     0.0278     0.0833     
RRatio_0_18     0.0000     0.0000     0.0000     0.0000     0.0000     0.1250     
RRatio_0_20     0.0000     0.0000     0.0000     0.0000     0.0046     0.1019     
RRatio_0_22     0.0000     0.0000     0.0000     0.0046     0.0324     0.1991     
RRatio_0_24     0.0000     0.0000     0.0000     0.0000     0.0556     0.2500     
RRatio_0_26     0.0000     0.0000     0.0046     0.0139     0.1019     0.2176     
RRatio_0_28     0.0000     0.0000     0.0000     0.0000     0.1296     0.2454     
RRatio_0_30     0.0000     0.0000     0.0046     0.0139     0.1111     0.2407     
RRatio_0_32     0.0000     0.0000     0.0093     0.0417     0.1250     0.2500     
RRatio_0_34     0.0000     0.0000     0.0000     0.0463     0.1759     0.3380     
RRatio_0_36     0.0000     0.0000     0.0139     0.0787     0.2361     0.3426     
RRatio_0_38     0.0000     0.0000     0.0139     0.0741     0.1991     0.3889     
RRatio_0_40     0.0000     0.0000     0.0046     0.0833     0.2963     0.3889     
RRatio_0_42     0.0000     0.0000     0.0093     0.0787     0.2731     0.4120     
RRatio_0_44     0.0000     0.0000     0.0417     0.1065     0.3380     0.5694     
RRatio_0_46     0.0000     0.0000     0.0324     0.1620     0.3565     0.4120     
RRatio_0_48     0.0000     0.0000     0.0463     0.1944     0.3565     0.4630     
RRatio_0_50     0.0000     0.0093     0.0463     0.1713     0.4074     0.4861     

Recover Error (Reconstructed Bases):
                SRatio_0_1 SRatio_0_2 SRatio_0_3 SRatio_0_4 SRatio_0_5 SRatio_0_6 
RRatio_0_02     0.0013     0.0014     0.0014     0.0014     0.0015     0.0015     
RRatio_0_04     0.0043     0.0041     0.0044     0.0046     0.0052     0.2870     
RRatio_0_06     0.0095     0.0107     0.0055     0.0060     0.0739     0.3364     
RRatio_0_08     0.0247     0.0324     0.0211     0.0148     0.1667     0.3974     
RRatio_0_10     0.0397     0.0392     0.0265     0.0081     0.1641     0.4044     
RRatio_0_12     0.0520     0.0484     0.0538     0.0460     0.2396     0.5167     
RRatio_0_14     0.0552     0.0558     0.0447     0.0506     0.2259     0.5723     
RRatio_0_16     0.0658     0.0574     0.0761     0.1555     0.3234     0.6408     
RRatio_0_18     0.0802     0.0837     0.0712     0.1469     0.2921     0.7201     
RRatio_0_20     0.0731     0.0909     0.1041     0.1692     0.3696     0.6950     
RRatio_0_22     0.0901     0.1137     0.0940     0.1945     0.5069     0.8222     
RRatio_0_24     0.1078     0.1252     0.1085     0.3198     0.4948     0.8664     
RRatio_0_26     0.0991     0.1381     0.1986     0.2884     0.6736     0.9049     
RRatio_0_28     0.1134     0.1532     0.2082     0.4299     0.6827     0.9406     
RRatio_0_30     0.1230     0.1835     0.2780     0.4860     0.7568     0.9978     
RRatio_0_32     0.1421     0.2263     0.3156     0.5422     0.7672     1.0084     
RRatio_0_34     0.1690     0.2201     0.4167     0.6307     0.8928     1.0635     
RRatio_0_36     0.1611     0.2766     0.4684     0.6898     0.9128     1.0924     
RRatio_0_38     0.1707     0.3282     0.5825     0.7493     0.9547     1.0926     
RRatio_0_40     0.1933     0.3277     0.6114     0.8376     0.9947     1.1281     
RRatio_0_42     0.2255     0.3872     0.6705     0.8727     1.0483     1.1383     
RRatio_0_44     0.2446     0.4489     0.7948     0.9776     1.0721     1.1548     
RRatio_0_46     0.2974     0.5195     0.7881     0.9671     1.0764     1.1720     
RRatio_0_48     0.2554     0.6178     0.8216     0.9794     1.0676     1.1672     
RRatio_0_50     0.3741     0.6072     0.8811     1.0122     1.0910     1.1591     

Recover Error (Reconstructed Bases with Detected True Outliers):
                SRatio_0_1 SRatio_0_2 SRatio_0_3 SRatio_0_4 SRatio_0_5 SRatio_0_6 
RRatio_0_02     0.0005     0.0006     0.0006     0.0006     0.0006     0.0006     
RRatio_0_04     0.0035     0.0036     0.0041     0.0041     0.0047     0.2870     
RRatio_0_06     0.0049     0.0049     0.0051     0.0051     0.0739     0.3321     
RRatio_0_08     0.0054     0.0058     0.0060     0.0063     0.1613     0.3971     
RRatio_0_10     0.0064     0.0066     0.0069     0.0073     0.1644     0.4097     
RRatio_0_12     0.0067     0.0071     0.0075     0.1124     0.2402     0.5213     
RRatio_0_14     0.0074     0.0079     0.0081     0.0089     0.2315     0.5787     
RRatio_0_16     0.0080     0.0084     0.0086     0.1246     0.3205     0.6401     
RRatio_0_18     0.0083     0.0086     0.0094     0.0892     0.2635     0.6975     
RRatio_0_20     0.0087     0.0094     0.0547     0.1328     0.3390     0.7008     
RRatio_0_22     0.0089     0.0093     0.0100     0.1656     0.4930     0.8131     
RRatio_0_24     0.0094     0.0099     0.0104     0.2378     0.4745     0.8696     
RRatio_0_26     0.0098     0.0100     0.0998     0.2783     0.6615     0.8994     
RRatio_0_28     0.0095     0.0104     0.0983     0.3360     0.6699     0.9109     
RRatio_0_30     0.0103     0.0107     0.1517     0.3520     0.6794     0.9706     
RRatio_0_32     0.0104     0.0715     0.1995     0.4235     0.7224     0.9702     
RRatio_0_34     0.0108     0.0113     0.1781     0.4991     0.8286     1.0413     
RRatio_0_36     0.0109     0.0372     0.2704     0.5699     0.8603     1.0351     
RRatio_0_38     0.0222     0.0372     0.2909     0.6071     0.8417     1.0802     
RRatio_0_40     0.0118     0.1093     0.2666     0.6411     0.8940     1.0842     
RRatio_0_42     0.0117     0.1029     0.3177     0.6791     0.9053     1.0941     
RRatio_0_44     0.0118     0.0928     0.4444     0.7364     0.9871     1.1437     
RRatio_0_46     0.0121     0.1068     0.4459     0.7452     0.9784     1.1466     
RRatio_0_48     0.0119     0.2035     0.5024     0.7921     1.0172     1.1202     
RRatio_0_50     0.0475     0.2530     0.5346     0.8020     1.0068     1.1205     

Recover Error (GT Bases):
                SRatio_0_1 SRatio_0_2 SRatio_0_3 SRatio_0_4 SRatio_0_5 SRatio_0_6 
RRatio_0_02     0.0005     0.0006     0.0006     0.0006     0.0006     0.0006     
RRatio_0_04     0.0035     0.0036     0.0041     0.0041     0.0047     0.2870     
RRatio_0_06     0.0049     0.0049     0.0051     0.0051     0.0739     0.3321     
RRatio_0_08     0.0054     0.0058     0.0060     0.0063     0.1613     0.3971     
RRatio_0_10     0.0064     0.0066     0.0069     0.0073     0.1644     0.4097     
RRatio_0_12     0.0067     0.0071     0.0075     0.1124     0.2402     0.5213     
RRatio_0_14     0.0074     0.0079     0.0081     0.0089     0.2315     0.5787     
RRatio_0_16     0.0080     0.0084     0.0086     0.1246     0.3205     0.6401     
RRatio_0_18     0.0083     0.0086     0.0094     0.0892     0.2635     0.6975     
RRatio_0_20     0.0087     0.0094     0.0547     0.1328     0.3390     0.7008     
RRatio_0_22     0.0089     0.0093     0.0100     0.1656     0.4930     0.8131     
RRatio_0_24     0.0094     0.0099     0.0104     0.2378     0.4745     0.8696     
RRatio_0_26     0.0098     0.0100     0.0998     0.2783     0.6615     0.8994     
RRatio_0_28     0.0095     0.0104     0.0983     0.3360     0.6699     0.9109     
RRatio_0_30     0.0103     0.0107     0.1517     0.3520     0.6794     0.9706     
RRatio_0_32     0.0104     0.0715     0.1995     0.4235     0.7224     0.9702     
RRatio_0_34     0.0108     0.0113     0.1781     0.4991     0.8286     1.0413     
RRatio_0_36     0.0109     0.0372     0.2704     0.5699     0.8603     1.0351     
RRatio_0_38     0.0222     0.0372     0.2909     0.6071     0.8417     1.0802     
RRatio_0_40     0.0118     0.1093     0.2666     0.6411     0.8940     1.0842     
RRatio_0_42     0.0117     0.1029     0.3177     0.6791     0.9053     1.0941     
RRatio_0_44     0.0118     0.0928     0.4444     0.7364     0.9871     1.1437     
RRatio_0_46     0.0121     0.1068     0.4459     0.7452     0.9784     1.1466     
RRatio_0_48     0.0119     0.2035     0.5024     0.7921     1.0172     1.1202     
RRatio_0_50     0.0475     0.2530     0.5346     0.8020     1.0068     1.1205     

Missrate In (SSC):
                SRatio_0_1 SRatio_0_2 SRatio_0_3 SRatio_0_4 SRatio_0_5 SRatio_0_6 
RRatio_0_02     0.0000     0.0000     0.0000     0.0000     0.0000     0.0000     
RRatio_0_04     0.0000     0.0000     0.0000     0.0000     0.0000     0.0000     
RRatio_0_06     0.0000     0.0000     0.0000     0.0000     0.0000     0.0000     
RRatio_0_08     0.0000     0.0000     0.0000     0.0000     0.0000     0.0000     
RRatio_0_10     0.0000     0.0000     0.0000     0.0000     0.0000     0.0000     
RRatio_0_12     0.0000     0.0000     0.0000     0.0000     0.0000     0.0000     
RRatio_0_14     0.0000     0.0000     0.0000     0.0000     0.0000     0.0000     
RRatio_0_16     0.0000     0.0000     0.0000     0.0000     0.0000     0.0000     
RRatio_0_18     0.0000     0.0000     0.0000     0.0000     0.0000     0.0000     
RRatio_0_20     0.0000     0.0000     0.0000     0.0000     0.0000     0.0000     
RRatio_0_22     0.0000     0.0000     0.0000     0.0000     0.0000     0.0000     
RRatio_0_24     0.0000     0.0000     0.0000     0.0000     0.0000     0.0000     
RRatio_0_26     0.0000     0.0000     0.0000     0.0000     0.0000     0.0000     
RRatio_0_28     0.0000     0.0000     0.0000     0.0000     0.0000     0.0069     
RRatio_0_30     0.0000     0.0000     0.0000     0.0000     0.0000     0.0000     
RRatio_0_32     0.0000     0.0000     0.0139     0.0000     0.0000     0.0139     
RRatio_0_34     0.0000     0.0000     0.0069     0.0000     0.0278     0.0208     
RRatio_0_36     0.0000     0.0000     0.0069     0.0139     0.0208     0.0139     
RRatio_0_38     0.0000     0.0000     0.0139     0.0278     0.0208     0.0208     
RRatio_0_40     0.0000     0.0000     0.0139     0.0139     0.0347     0.0625     
RRatio_0_42     0.0000     0.0000     0.0139     0.0278     0.0556     0.0833     
RRatio_0_44     0.0000     0.0000     0.0208     0.1250     0.1042     0.0764     
RRatio_0_46     0.0000     0.0139     0.0694     0.0694     0.0833     0.0972     
RRatio_0_48     0.0000     0.0139     0.0208     0.1389     0.0903     0.2014     
RRatio_0_50     0.0069     0.0000     0.0903     0.1667     0.1181     0.2153     

Undetected Outlier Ratio:
                SRatio_0_1 SRatio_0_2 SRatio_0_3 SRatio_0_4 SRatio_0_5 SRatio_0_6 
RRatio_0_02     0.0046     0.0000     0.0000     0.0000     0.0000     0.0000     
RRatio_0_04     0.0324     0.0000     0.0000     0.0000     0.0000     0.0000     
RRatio_0_06     0.0648     0.0185     0.0000     0.0000     0.0000     0.0046     
RRatio_0_08     0.1343     0.0231     0.0185     0.0046     0.0046     0.0000     
RRatio_0_10     0.1713     0.0417     0.0139     0.0000     0.0000     0.0000     
RRatio_0_12     0.1944     0.0648     0.0278     0.0139     0.0046     0.0000     
RRatio_0_14     0.2037     0.0926     0.0231     0.0185     0.0046     0.0000     
RRatio_0_16     0.1944     0.0694     0.0370     0.0185     0.0046     0.0000     
RRatio_0_18     0.2546     0.0972     0.0370     0.0231     0.0093     0.0046     
RRatio_0_20     0.2269     0.0972     0.0370     0.0278     0.0093     0.0093     
RRatio_0_22     0.2407     0.1111     0.0463     0.0185     0.0093     0.0046     
RRatio_0_24     0.2593     0.0972     0.0417     0.0231     0.0231     0.0093     
RRatio_0_26     0.1898     0.0972     0.0648     0.0278     0.0046     0.0046     
RRatio_0_28     0.2500     0.1343     0.0741     0.0370     0.0093     0.0185     
RRatio_0_30     0.2269     0.1250     0.0741     0.0509     0.0417     0.0231     
RRatio_0_32     0.2454     0.1759     0.0787     0.0602     0.0324     0.0231     
RRatio_0_34     0.2731     0.1667     0.1065     0.0648     0.0556     0.0324     
RRatio_0_36     0.2639     0.1759     0.0972     0.0694     0.0648     0.0509     
RRatio_0_38     0.2454     0.1759     0.1296     0.0741     0.0787     0.0509     
RRatio_0_40     0.2454     0.1667     0.1204     0.1111     0.1111     0.0602     
RRatio_0_42     0.2685     0.1898     0.1528     0.1528     0.1019     0.1111     
RRatio_0_44     0.2870     0.1991     0.1991     0.1713     0.1389     0.1111     
RRatio_0_46     0.2639     0.2454     0.1852     0.1898     0.1759     0.1481     
RRatio_0_48     0.3009     0.2269     0.2454     0.2037     0.1713     0.2407     
RRatio_0_50     0.3287     0.2593     0.2454     0.2546     0.2083     0.2407     


========================================
 Experiement Settings: num_groups = 5
========================================
Missrate Out (Reconstructed Bases):
                SRatio_0_1 SRatio_0_2 SRatio_0_3 SRatio_0_4 SRatio_0_5 SRatio_0_6 
RRatio_0_02     0.0000     0.0000     0.0000     0.0000     0.0000     0.0194     
RRatio_0_04     0.0000     0.0000     0.0000     0.0028     0.0028     0.0167     
RRatio_0_06     0.0000     0.0000     0.0000     0.0000     0.0056     0.0222     
RRatio_0_08     0.0878     0.0000     0.0000     0.0000     0.0028     0.0556     
RRatio_0_10     0.0000     0.0000     0.0000     0.0000     0.0028     0.0694     
RRatio_0_12     0.0000     0.0000     0.0000     0.0000     0.0140     0.0806     
RRatio_0_14     0.0000     0.0000     0.0000     0.0000     0.0167     0.1444     
RRatio_0_16     0.0000     0.0000     0.0000     0.0000     0.0194     0.1504     
RRatio_0_18     0.0000     0.0000     0.0000     0.0028     0.0281     0.1978     
RRatio_0_20     0.0000     0.0000     0.0000     0.0057     0.0478     0.2702     
RRatio_0_22     0.0000     0.0000     0.0000     0.0028     0.0562     0.2933     
RRatio_0_24     0.0000     0.0000     0.0000     0.0114     0.0930     0.3473     
RRatio_0_26     0.0000     0.0000     0.0059     0.0231     0.1328     0.3978     
RRatio_0_28     0.0000     0.0000     0.0000     0.0231     0.1662     0.4153     
RRatio_0_30     0.0000     0.0000     0.0030     0.0445     0.2040     0.4731     
RRatio_0_32     0.0000     0.0000     0.0089     0.0955     0.2986     0.4669     
RRatio_0_34     0.0000     0.0000     0.0276     0.1329     0.3698     0.5217     
RRatio_0_36     0.0000     0.0066     0.0473     0.2243     0.4434     0.6078     
RRatio_0_38     0.0000     0.0307     0.0484     0.2562     0.5220     0.6125     
RRatio_0_40     0.0000     0.0273     0.1926     0.3460     0.5209     0.6771     
RRatio_0_42     0.0000     0.0246     0.1879     0.3953     0.5714     0.6743     
RRatio_0_44     0.0039     0.1579     0.3085     0.5324     0.6042     0.6952     
RRatio_0_46     0.0324     0.2238     0.4254     0.5576     0.6934     0.6996     
RRatio_0_48     0.0122     0.2463     0.4618     0.6489     0.6667     0.7378     
RRatio_0_50     0.0328     0.2336     0.4906     0.6264     0.7632     0.7321     

Missrate Out (GT Bases):
                SRatio_0_1 SRatio_0_2 SRatio_0_3 SRatio_0_4 SRatio_0_5 SRatio_0_6 
RRatio_0_02     0.0000     0.0000     0.0000     0.0000     0.0000     0.0194     
RRatio_0_04     0.0000     0.0000     0.0000     0.0000     0.0028     0.0167     
RRatio_0_06     0.0000     0.0000     0.0000     0.0000     0.0056     0.0222     
RRatio_0_08     0.0000     0.0000     0.0000     0.0000     0.0028     0.0500     
RRatio_0_10     0.0000     0.0000     0.0000     0.0000     0.0028     0.0694     
RRatio_0_12     0.0000     0.0000     0.0000     0.0028     0.0111     0.0778     
RRatio_0_14     0.0000     0.0000     0.0000     0.0000     0.0167     0.1444     
RRatio_0_16     0.0000     0.0000     0.0000     0.0000     0.0222     0.1472     
RRatio_0_18     0.0000     0.0000     0.0000     0.0028     0.0306     0.1806     
RRatio_0_20     0.0000     0.0000     0.0000     0.0056     0.0528     0.2694     
RRatio_0_22     0.0000     0.0000     0.0000     0.0056     0.0472     0.2972     
RRatio_0_24     0.0000     0.0000     0.0000     0.0194     0.1139     0.3389     
RRatio_0_26     0.0000     0.0000     0.0028     0.0194     0.1083     0.3750     
RRatio_0_28     0.0000     0.0000     0.0000     0.0167     0.1389     0.3694     
RRatio_0_30     0.0000     0.0000     0.0000     0.0222     0.2056     0.4056     
RRatio_0_32     0.0000     0.0000     0.0000     0.0694     0.2556     0.4917     
RRatio_0_34     0.0000     0.0000     0.0056     0.0611     0.3083     0.4917     
RRatio_0_36     0.0000     0.0000     0.0000     0.1083     0.2944     0.4944     
RRatio_0_38     0.0000     0.0028     0.0083     0.0861     0.3556     0.5139     
RRatio_0_40     0.0000     0.0000     0.0278     0.1417     0.3917     0.6333     
RRatio_0_42     0.0000     0.0028     0.0278     0.1611     0.3611     0.5472     
RRatio_0_44     0.0000     0.0028     0.0333     0.1833     0.4472     0.6056     
RRatio_0_46     0.0000     0.0028     0.0583     0.2000     0.4306     0.5917     
RRatio_0_48     0.0000     0.0028     0.0639     0.2944     0.5056     0.6583     
RRatio_0_50     0.0000     0.0056     0.1222     0.2917     0.4917     0.6333     

Recover Error (Reconstructed Bases):
                SRatio_0_1 SRatio_0_2 SRatio_0_3 SRatio_0_4 SRatio_0_5 SRatio_0_6 
RRatio_0_02     0.0015     0.0017     0.0013     0.0015     0.0013     0.2357     
RRatio_0_04     0.0045     0.0041     0.0042     0.0489     0.1052     0.1502     
RRatio_0_06     0.0157     0.0102     0.0116     0.0063     0.1185     0.2527     
RRatio_0_08     0.4242     0.0410     0.0205     0.0157     0.0876     0.3953     
RRatio_0_10     0.0417     0.0362     0.0305     0.0673     0.0845     0.4344     
RRatio_0_12     0.0539     0.0540     0.0451     0.0343     0.2068     0.4975     
RRatio_0_14     0.0612     0.0620     0.0455     0.0834     0.2224     0.6176     
RRatio_0_16     0.0711     0.0839     0.0575     0.1261     0.2901     0.6282     
RRatio_0_18     0.0738     0.0891     0.0741     0.1299     0.3212     0.7230     
RRatio_0_20     0.0863     0.1046     0.0962     0.1924     0.4202     0.8221     
RRatio_0_22     0.0904     0.1225     0.1284     0.1715     0.4668     0.8354     
RRatio_0_24     0.1069     0.1376     0.1175     0.2870     0.5746     0.9096     
RRatio_0_26     0.1254     0.1268     0.1807     0.3383     0.6167     0.9467     
RRatio_0_28     0.1245     0.1694     0.2307     0.3647     0.6937     1.0068     
RRatio_0_30     0.1487     0.1967     0.2519     0.4950     0.7806     1.0432     
RRatio_0_32     0.1320     0.2084     0.3066     0.5797     0.8776     1.0716     
RRatio_0_34     0.1484     0.2310     0.4298     0.6546     0.9329     1.0930     
RRatio_0_36     0.1859     0.2800     0.4787     0.7723     0.9702     1.1355     
RRatio_0_38     0.1867     0.4171     0.5066     0.7909     1.0364     1.1307     
RRatio_0_40     0.2305     0.4297     0.7094     0.8982     1.0540     1.1868     
RRatio_0_42     0.2794     0.4383     0.6957     0.9331     1.0775     1.1656     
RRatio_0_44     0.2711     0.6051     0.7982     0.9927     1.0996     1.1818     
RRatio_0_46     0.3256     0.6726     0.8666     1.0177     1.1210     1.1804     
RRatio_0_48     0.3730     0.7039     0.8976     1.0369     1.0942     1.1857     
RRatio_0_50     0.3967     0.7139     0.8907     1.0206     1.1306     1.1786     

Recover Error (Reconstructed Bases with Detected True Outliers):
                SRatio_0_1 SRatio_0_2 SRatio_0_3 SRatio_0_4 SRatio_0_5 SRatio_0_6 
RRatio_0_02     0.0006     0.0007     0.0005     0.0006     0.0005     0.2357     
RRatio_0_04     0.0035     0.0036     0.0038     0.0038     0.1051     0.1503     
RRatio_0_06     0.0047     0.0049     0.0052     0.0055     0.1180     0.2530     
RRatio_0_08     0.0055     0.0058     0.0059     0.0061     0.0950     0.3828     
RRatio_0_10     0.0063     0.0065     0.0069     0.0071     0.0845     0.4317     
RRatio_0_12     0.0071     0.0071     0.0075     0.0625     0.1848     0.5036     
RRatio_0_14     0.0076     0.0076     0.0080     0.0086     0.2241     0.6154     
RRatio_0_16     0.0079     0.0084     0.0085     0.1167     0.2895     0.6311     
RRatio_0_18     0.0082     0.0088     0.0093     0.1158     0.3116     0.7062     
RRatio_0_20     0.0088     0.0092     0.0097     0.1714     0.4164     0.8240     
RRatio_0_22     0.0090     0.0096     0.0634     0.1661     0.4430     0.8280     
RRatio_0_24     0.0091     0.0097     0.0485     0.2605     0.5812     0.9007     
RRatio_0_26     0.0095     0.0377     0.0682     0.2831     0.6171     0.9387     
RRatio_0_28     0.0103     0.0106     0.0824     0.2985     0.6583     0.9831     
RRatio_0_30     0.0102     0.0109     0.1372     0.3780     0.7628     0.9981     
RRatio_0_32     0.0105     0.0113     0.1277     0.4590     0.8323     1.0645     
RRatio_0_34     0.0107     0.0115     0.1802     0.4899     0.8539     1.0648     
RRatio_0_36     0.0110     0.0624     0.2093     0.5799     0.8699     1.0866     
RRatio_0_38     0.0111     0.0901     0.2338     0.5820     0.9129     1.1003     
RRatio_0_40     0.0113     0.0902     0.3271     0.6585     0.9767     1.1643     
RRatio_0_42     0.0115     0.1103     0.3493     0.7206     0.9629     1.1325     
RRatio_0_44     0.0119     0.1367     0.4275     0.7455     0.9987     1.1493     
RRatio_0_46     0.0120     0.1540     0.4615     0.7784     1.0108     1.1555     
RRatio_0_48     0.0282     0.1929     0.5111     0.8435     1.0358     1.1827     
RRatio_0_50     0.0186     0.2370     0.5881     0.8618     1.0425     1.1624     

Recover Error (GT Bases):
                SRatio_0_1 SRatio_0_2 SRatio_0_3 SRatio_0_4 SRatio_0_5 SRatio_0_6 
RRatio_0_02     0.0006     0.0007     0.0005     0.0006     0.0005     0.2357     
RRatio_0_04     0.0035     0.0036     0.0038     0.0038     0.1051     0.1503     
RRatio_0_06     0.0047     0.0049     0.0052     0.0055     0.1180     0.2530     
RRatio_0_08     0.0055     0.0058     0.0059     0.0061     0.0950     0.3828     
RRatio_0_10     0.0063     0.0065     0.0069     0.0071     0.0845     0.4317     
RRatio_0_12     0.0071     0.0071     0.0075     0.0625     0.1848     0.5036     
RRatio_0_14     0.0076     0.0076     0.0080     0.0086     0.2241     0.6154     
RRatio_0_16     0.0079     0.0084     0.0085     0.1167     0.2895     0.6311     
RRatio_0_18     0.0082     0.0088     0.0093     0.1158     0.3116     0.7062     
RRatio_0_20     0.0088     0.0092     0.0097     0.1714     0.4164     0.8240     
RRatio_0_22     0.0090     0.0096     0.0634     0.1661     0.4430     0.8280     
RRatio_0_24     0.0091     0.0097     0.0485     0.2605     0.5812     0.9007     
RRatio_0_26     0.0095     0.0377     0.0682     0.2831     0.6171     0.9387     
RRatio_0_28     0.0103     0.0106     0.0824     0.2985     0.6583     0.9831     
RRatio_0_30     0.0102     0.0109     0.1372     0.3780     0.7628     0.9981     
RRatio_0_32     0.0105     0.0113     0.1277     0.4590     0.8323     1.0645     
RRatio_0_34     0.0107     0.0115     0.1802     0.4899     0.8539     1.0648     
RRatio_0_36     0.0110     0.0624     0.2093     0.5799     0.8699     1.0866     
RRatio_0_38     0.0111     0.0901     0.2338     0.5820     0.9129     1.1003     
RRatio_0_40     0.0113     0.0902     0.3271     0.6585     0.9767     1.1643     
RRatio_0_42     0.0115     0.1103     0.3493     0.7206     0.9629     1.1325     
RRatio_0_44     0.0119     0.1367     0.4275     0.7455     0.9987     1.1493     
RRatio_0_46     0.0120     0.1540     0.4615     0.7784     1.0108     1.1555     
RRatio_0_48     0.0282     0.1929     0.5111     0.8435     1.0358     1.1827     
RRatio_0_50     0.0186     0.2370     0.5881     0.8618     1.0425     1.1624     

Missrate In (SSC):
                SRatio_0_1 SRatio_0_2 SRatio_0_3 SRatio_0_4 SRatio_0_5 SRatio_0_6 
RRatio_0_02     0.0000     0.0000     0.0000     0.0000     0.0000     0.0000     
RRatio_0_04     0.0000     0.0000     0.0000     0.0000     0.0000     0.0000     
RRatio_0_06     0.0000     0.0000     0.0000     0.0000     0.0000     0.0000     
RRatio_0_08     0.0000     0.0000     0.0000     0.0000     0.0000     0.0000     
RRatio_0_10     0.0000     0.0000     0.0000     0.0000     0.0000     0.0000     
RRatio_0_12     0.0000     0.0000     0.0000     0.0000     0.0000     0.0000     
RRatio_0_14     0.0000     0.0000     0.0000     0.0000     0.0000     0.0000     
RRatio_0_16     0.0000     0.0000     0.0000     0.0000     0.0000     0.0000     
RRatio_0_18     0.0000     0.0000     0.0000     0.0000     0.0000     0.0000     
RRatio_0_20     0.0000     0.0000     0.0000     0.0042     0.0000     0.0000     
RRatio_0_22     0.0000     0.0000     0.0000     0.0000     0.0000     0.0000     
RRatio_0_24     0.0000     0.0000     0.0000     0.0000     0.0042     0.0000     
RRatio_0_26     0.0000     0.0000     0.0000     0.0083     0.0000     0.0042     
RRatio_0_28     0.0000     0.0000     0.0000     0.0000     0.0083     0.0125     
RRatio_0_30     0.0000     0.0000     0.0000     0.0042     0.0000     0.0208     
RRatio_0_32     0.0000     0.0000     0.0042     0.0167     0.0125     0.0292     
RRatio_0_34     0.0000     0.0000     0.0125     0.0167     0.0250     0.0333     
RRatio_0_36     0.0000     0.0042     0.0000     0.0333     0.0667     0.0500     
RRatio_0_38     0.0000     0.0042     0.0042     0.0375     0.0750     0.0917     
RRatio_0_40     0.0000     0.0042     0.0125     0.0542     0.0917     0.0917     
RRatio_0_42     0.0000     0.0083     0.0333     0.0542     0.0958     0.1458     
RRatio_0_44     0.0000     0.0292     0.0500     0.1167     0.1708     0.1875     
RRatio_0_46     0.0167     0.0458     0.0625     0.1417     0.2417     0.1750     
RRatio_0_48     0.0125     0.0375     0.0625     0.1667     0.2292     0.2667     
RRatio_0_50     0.0167     0.0708     0.1333     0.1875     0.2833     0.3000     

Undetected Outlier Ratio:
                SRatio_0_1 SRatio_0_2 SRatio_0_3 SRatio_0_4 SRatio_0_5 SRatio_0_6 
RRatio_0_02     0.0056     0.0000     0.0000     0.0000     0.0000     0.0000     
RRatio_0_04     0.0333     0.0000     0.0000     0.0000     0.0000     0.0000     
RRatio_0_06     0.0917     0.0083     0.0028     0.0000     0.0028     0.0000     
RRatio_0_08     0.1778     0.0694     0.0139     0.0056     0.0000     0.0000     
RRatio_0_10     0.1750     0.0500     0.0139     0.0139     0.0000     0.0000     
RRatio_0_12     0.2278     0.0694     0.0222     0.0111     0.0083     0.0000     
RRatio_0_14     0.2028     0.0861     0.0194     0.0139     0.0028     0.0000     
RRatio_0_16     0.2139     0.1028     0.0278     0.0083     0.0000     0.0028     
RRatio_0_18     0.2417     0.0917     0.0389     0.0194     0.0111     0.0028     
RRatio_0_20     0.2500     0.1028     0.0389     0.0250     0.0111     0.0028     
RRatio_0_22     0.2111     0.1111     0.0556     0.0250     0.0111     0.0056     
RRatio_0_24     0.2250     0.1139     0.0444     0.0250     0.0139     0.0083     
RRatio_0_26     0.2472     0.1056     0.0556     0.0361     0.0167     0.0083     
RRatio_0_28     0.2333     0.1361     0.0722     0.0389     0.0139     0.0167     
RRatio_0_30     0.2639     0.1333     0.0778     0.0639     0.0194     0.0194     
RRatio_0_32     0.2361     0.1306     0.0667     0.0694     0.0417     0.0361     
RRatio_0_34     0.2472     0.1417     0.0944     0.0806     0.0611     0.0417     
RRatio_0_36     0.2694     0.1556     0.1194     0.1083     0.0917     0.0722     
RRatio_0_38     0.3056     0.1861     0.1389     0.1000     0.1167     0.1111     
RRatio_0_40     0.2667     0.1861     0.1778     0.1250     0.1361     0.1139     
RRatio_0_42     0.2889     0.2083     0.1722     0.1639     0.1639     0.1556     
RRatio_0_44     0.2944     0.2611     0.1806     0.2278     0.2139     0.1889     
RRatio_0_46     0.3139     0.2306     0.2556     0.2278     0.2389     0.2139     
RRatio_0_48     0.3167     0.2556     0.2361     0.2722     0.2583     0.2583     
RRatio_0_50     0.3222     0.3222     0.2639     0.2417     0.2611     0.2639     


========================================
 Experiement Settings: num_groups = 8
========================================
Missrate Out (Reconstructed Bases):
                SRatio_0_1 SRatio_0_2 SRatio_0_3 SRatio_0_4 SRatio_0_5 SRatio_0_6 
RRatio_0_02     0.0000     0.0000     0.0000     0.0000     0.0017     0.0139     
RRatio_0_04     0.0000     0.0000     0.0000     0.0000     0.0035     0.0278     
RRatio_0_06     0.0000     0.0000     0.0000     0.0000     0.0017     0.0399     
RRatio_0_08     0.0000     0.0000     0.0000     0.0000     0.0104     0.0451     
RRatio_0_10     0.0000     0.0000     0.0000     0.0000     0.0070     0.0903     
RRatio_0_12     0.0000     0.0000     0.0000     0.0018     0.0122     0.0957     
RRatio_0_14     0.0000     0.0000     0.0036     0.0018     0.0209     0.1391     
RRatio_0_16     0.0000     0.0000     0.0000     0.0018     0.0313     0.1757     
RRatio_0_18     0.0000     0.0000     0.0000     0.0071     0.0401     0.2400     
RRatio_0_20     0.0000     0.0000     0.0000     0.0035     0.0647     0.2932     
RRatio_0_22     0.0000     0.0000     0.0000     0.0053     0.1066     0.3520     
RRatio_0_24     0.0000     0.0000     0.0037     0.0072     0.1230     0.3905     
RRatio_0_26     0.0000     0.0000     0.0000     0.0251     0.1847     0.4396     
RRatio_0_28     0.0000     0.0000     0.0058     0.0589     0.2424     0.5150     
RRatio_0_30     0.1358     0.0000     0.0019     0.0899     0.3036     0.5619     
RRatio_0_32     0.0000     0.0000     0.0294     0.1740     0.4110     0.5996     
RRatio_0_34     0.0000     0.0063     0.0514     0.2941     0.5145     0.6561     
RRatio_0_36     0.0452     0.0150     0.1093     0.3780     0.5768     0.6881     
RRatio_0_38     0.0024     0.0332     0.1918     0.4862     0.6626     0.7122     
RRatio_0_40     0.0244     0.0591     0.3600     0.5513     0.6710     0.7801     
RRatio_0_42     0.0099     0.1002     0.4112     0.5824     0.7083     0.8079     
RRatio_0_44     0.0700     0.2311     0.5103     0.7162     0.7932     0.7996     
RRatio_0_46     0.0692     0.2388     0.5408     0.6629     0.7676     0.7872     
RRatio_0_48     0.0932     0.3729     0.6601     0.7594     0.8603     0.8166     
RRatio_0_50     0.1627     0.5489     0.7613     0.7723     0.8025     0.8610     

Missrate Out (GT Bases):
                SRatio_0_1 SRatio_0_2 SRatio_0_3 SRatio_0_4 SRatio_0_5 SRatio_0_6 
RRatio_0_02     0.0000     0.0000     0.0000     0.0000     0.0017     0.0139     
RRatio_0_04     0.0000     0.0000     0.0000     0.0000     0.0035     0.0278     
RRatio_0_06     0.0000     0.0000     0.0000     0.0000     0.0017     0.0399     
RRatio_0_08     0.0000     0.0000     0.0000     0.0000     0.0087     0.0451     
RRatio_0_10     0.0000     0.0000     0.0000     0.0000     0.0069     0.0885     
RRatio_0_12     0.0000     0.0000     0.0000     0.0017     0.0104     0.0920     
RRatio_0_14     0.0000     0.0000     0.0017     0.0017     0.0191     0.1337     
RRatio_0_16     0.0000     0.0000     0.0000     0.0017     0.0278     0.1736     
RRatio_0_18     0.0000     0.0000     0.0000     0.0069     0.0382     0.2396     
RRatio_0_20     0.0000     0.0000     0.0000     0.0052     0.0625     0.2743     
RRatio_0_22     0.0000     0.0000     0.0000     0.0052     0.1007     0.3316     
RRatio_0_24     0.0000     0.0000     0.0035     0.0052     0.1181     0.4167     
RRatio_0_26     0.0000     0.0000     0.0000     0.0191     0.1753     0.4167     
RRatio_0_28     0.0000     0.0000     0.0069     0.0347     0.2049     0.4757     
RRatio_0_30     0.0000     0.0000     0.0000     0.0399     0.2188     0.5608     
RRatio_0_32     0.0000     0.0000     0.0000     0.0642     0.3108     0.5451     
RRatio_0_34     0.0000     0.0000     0.0087     0.0885     0.3385     0.5868     
RRatio_0_36     0.0000     0.0000     0.0069     0.1267     0.4219     0.6111     
RRatio_0_38     0.0000     0.0000     0.0191     0.1615     0.4306     0.6476     
RRatio_0_40     0.0000     0.0017     0.0347     0.1615     0.5000     0.6962     
RRatio_0_42     0.0000     0.0052     0.0521     0.2431     0.4861     0.6788     
RRatio_0_44     0.0000     0.0000     0.0694     0.3142     0.5399     0.7222     
RRatio_0_46     0.0000     0.0052     0.0868     0.3160     0.5694     0.7292     
RRatio_0_48     0.0000     0.0122     0.0816     0.3941     0.5833     0.7066     
RRatio_0_50     0.0000     0.0174     0.1337     0.4080     0.6024     0.7188     

Recover Error (Reconstructed Bases):
                SRatio_0_1 SRatio_0_2 SRatio_0_3 SRatio_0_4 SRatio_0_5 SRatio_0_6 
RRatio_0_02     0.0055     0.0015     0.0015     0.0013     0.0015     0.1863     
RRatio_0_04     0.0054     0.0041     0.0044     0.0045     0.0266     0.2361     
RRatio_0_06     0.0144     0.0152     0.0155     0.0061     0.0764     0.3453     
RRatio_0_08     0.0245     0.0262     0.0195     0.0197     0.1562     0.3433     
RRatio_0_10     0.0407     0.0450     0.0352     0.0321     0.1333     0.4383     
RRatio_0_12     0.0507     0.0501     0.0393     0.0714     0.2033     0.5148     
RRatio_0_14     0.0563     0.0575     0.1030     0.0911     0.2591     0.5857     
RRatio_0_16     0.0644     0.0720     0.0614     0.1308     0.3130     0.6498     
RRatio_0_18     0.0778     0.0846     0.0799     0.1352     0.3622     0.7402     
RRatio_0_20     0.0881     0.0997     0.0874     0.1630     0.4415     0.8087     
RRatio_0_22     0.0851     0.1081     0.1215     0.1990     0.5081     0.8800     
RRatio_0_24     0.1091     0.1311     0.1670     0.2835     0.6049     0.9340     
RRatio_0_26     0.1043     0.1393     0.1571     0.3246     0.6723     0.9716     
RRatio_0_28     0.1189     0.1629     0.2617     0.4653     0.7549     1.0290     
RRatio_0_30     0.4100     0.2115     0.2844     0.5333     0.8099     1.0576     
RRatio_0_32     0.1391     0.2367     0.3974     0.6672     0.9297     1.1118     
RRatio_0_34     0.1657     0.2905     0.4855     0.8135     1.0123     1.1363     
RRatio_0_36     0.3209     0.3382     0.5755     0.8693     1.0383     1.1521     
RRatio_0_38     0.2409     0.4095     0.6632     0.9439     1.0839     1.1529     
RRatio_0_40     0.3092     0.4932     0.8170     0.9833     1.0965     1.1817     
RRatio_0_42     0.2767     0.5748     0.8444     1.0024     1.1052     1.1866     
RRatio_0_44     0.4140     0.6571     0.8892     1.0338     1.1236     1.1880     
RRatio_0_46     0.4347     0.6750     0.9184     1.0193     1.1134     1.1935     
RRatio_0_48     0.4453     0.7415     0.9481     1.0612     1.1179     1.1819     
RRatio_0_50     0.5346     0.8345     0.9661     1.0570     1.1399     1.1999     

Recover Error (Reconstructed Bases with Detected True Outliers):
                SRatio_0_1 SRatio_0_2 SRatio_0_3 SRatio_0_4 SRatio_0_5 SRatio_0_6 
RRatio_0_02     0.0006     0.0006     0.0006     0.0005     0.0006     0.1863     
RRatio_0_04     0.0035     0.0035     0.0039     0.0042     0.0265     0.2361     
RRatio_0_06     0.0047     0.0047     0.0051     0.0052     0.0764     0.3441     
RRatio_0_08     0.0056     0.0059     0.0059     0.0061     0.1404     0.3429     
RRatio_0_10     0.0061     0.0063     0.0069     0.0282     0.1316     0.4366     
RRatio_0_12     0.0069     0.0070     0.0075     0.0653     0.1888     0.5028     
RRatio_0_14     0.0075     0.0076     0.0379     0.0906     0.2481     0.5722     
RRatio_0_16     0.0079     0.0081     0.0086     0.1127     0.3228     0.6446     
RRatio_0_18     0.0084     0.0088     0.0238     0.1139     0.3521     0.7435     
RRatio_0_20     0.0087     0.0090     0.0096     0.1609     0.4357     0.8007     
RRatio_0_22     0.0089     0.0096     0.0377     0.1656     0.4922     0.8736     
RRatio_0_24     0.0093     0.0098     0.0872     0.2050     0.5914     0.9322     
RRatio_0_26     0.0097     0.0102     0.0782     0.2639     0.6363     0.9536     
RRatio_0_28     0.0099     0.0107     0.1602     0.3660     0.7132     1.0205     
RRatio_0_30     0.0104     0.0435     0.1307     0.3628     0.7249     1.0656     
RRatio_0_32     0.0105     0.0362     0.1678     0.4505     0.8426     1.0663     
RRatio_0_34     0.0107     0.0457     0.2221     0.5156     0.8630     1.0998     
RRatio_0_36     0.0109     0.0293     0.2351     0.5639     0.9296     1.1096     
RRatio_0_38     0.0110     0.0649     0.2810     0.6495     0.9502     1.1362     
RRatio_0_40     0.0114     0.0921     0.3315     0.6745     1.0161     1.1681     
RRatio_0_42     0.0115     0.1392     0.4128     0.7568     0.9992     1.1555     
RRatio_0_44     0.0118     0.1262     0.4489     0.8180     1.0425     1.1843     
RRatio_0_46     0.0120     0.1652     0.4966     0.8190     1.0560     1.1781     
RRatio_0_48     0.0222     0.2162     0.5030     0.8623     1.0641     1.1731     
RRatio_0_50     0.0359     0.2587     0.5926     0.9002     1.0854     1.1798     

Recover Error (GT Bases):
                SRatio_0_1 SRatio_0_2 SRatio_0_3 SRatio_0_4 SRatio_0_5 SRatio_0_6 
RRatio_0_02     0.0006     0.0006     0.0006     0.0005     0.0006     0.1863     
RRatio_0_04     0.0035     0.0035     0.0039     0.0042     0.0265     0.2361     
RRatio_0_06     0.0047     0.0047     0.0051     0.0052     0.0764     0.3441     
RRatio_0_08     0.0056     0.0059     0.0059     0.0061     0.1404     0.3429     
RRatio_0_10     0.0061     0.0063     0.0069     0.0282     0.1316     0.4366     
RRatio_0_12     0.0069     0.0070     0.0075     0.0653     0.1888     0.5028     
RRatio_0_14     0.0075     0.0076     0.0379     0.0906     0.2481     0.5722     
RRatio_0_16     0.0079     0.0081     0.0086     0.1127     0.3228     0.6446     
RRatio_0_18     0.0084     0.0088     0.0238     0.1139     0.3521     0.7435     
RRatio_0_20     0.0087     0.0090     0.0096     0.1609     0.4357     0.8007     
RRatio_0_22     0.0089     0.0096     0.0377     0.1656     0.4922     0.8736     
RRatio_0_24     0.0093     0.0098     0.0872     0.2050     0.5914     0.9322     
RRatio_0_26     0.0097     0.0102     0.0782     0.2639     0.6363     0.9536     
RRatio_0_28     0.0099     0.0107     0.1602     0.3660     0.7132     1.0205     
RRatio_0_30     0.0104     0.0435     0.1307     0.3628     0.7249     1.0656     
RRatio_0_32     0.0105     0.0362     0.1678     0.4505     0.8426     1.0663     
RRatio_0_34     0.0107     0.0457     0.2221     0.5156     0.8630     1.0998     
RRatio_0_36     0.0109     0.0293     0.2351     0.5639     0.9296     1.1096     
RRatio_0_38     0.0110     0.0649     0.2810     0.6495     0.9502     1.1362     
RRatio_0_40     0.0114     0.0921     0.3315     0.6745     1.0161     1.1681     
RRatio_0_42     0.0115     0.1392     0.4128     0.7568     0.9992     1.1555     
RRatio_0_44     0.0118     0.1262     0.4489     0.8180     1.0425     1.1843     
RRatio_0_46     0.0120     0.1652     0.4966     0.8190     1.0560     1.1781     
RRatio_0_48     0.0222     0.2162     0.5030     0.8623     1.0641     1.1731     
RRatio_0_50     0.0359     0.2587     0.5926     0.9002     1.0854     1.1798     

Missrate In (SSC):
                SRatio_0_1 SRatio_0_2 SRatio_0_3 SRatio_0_4 SRatio_0_5 SRatio_0_6 
RRatio_0_02     0.0000     0.0000     0.0000     0.0000     0.0000     0.0000     
RRatio_0_04     0.0000     0.0000     0.0000     0.0000     0.0000     0.0000     
RRatio_0_06     0.0000     0.0000     0.0000     0.0000     0.0000     0.0000     
RRatio_0_08     0.0000     0.0000     0.0000     0.0000     0.0000     0.0000     
RRatio_0_10     0.0000     0.0000     0.0000     0.0000     0.0000     0.0000     
RRatio_0_12     0.0000     0.0000     0.0000     0.0000     0.0000     0.0000     
RRatio_0_14     0.0000     0.0000     0.0000     0.0000     0.0000     0.0000     
RRatio_0_16     0.0000     0.0000     0.0000     0.0000     0.0000     0.0000     
RRatio_0_18     0.0000     0.0000     0.0000     0.0000     0.0000     0.0000     
RRatio_0_20     0.0000     0.0000     0.0000     0.0000     0.0000     0.0000     
RRatio_0_22     0.0000     0.0000     0.0026     0.0026     0.0000     0.0052     
RRatio_0_24     0.0000     0.0000     0.0000     0.0000     0.0000     0.0026     
RRatio_0_26     0.0000     0.0000     0.0000     0.0026     0.0078     0.0000     
RRatio_0_28     0.0000     0.0000     0.0026     0.0052     0.0026     0.0078     
RRatio_0_30     0.0833     0.0000     0.0026     0.0130     0.0130     0.0234     
RRatio_0_32     0.0000     0.0000     0.0104     0.0156     0.0234     0.0391     
RRatio_0_34     0.0000     0.0026     0.0182     0.0339     0.0573     0.0729     
RRatio_0_36     0.0156     0.0026     0.0104     0.0260     0.0703     0.0964     
RRatio_0_38     0.0078     0.0026     0.0234     0.0833     0.0938     0.1510     
RRatio_0_40     0.0078     0.0130     0.0677     0.1068     0.1745     0.1641     
RRatio_0_42     0.0026     0.0286     0.0677     0.1458     0.1797     0.2214     
RRatio_0_44     0.0208     0.0573     0.1094     0.1797     0.2943     0.2604     
RRatio_0_46     0.0286     0.0573     0.1693     0.2135     0.3750     0.4089     
RRatio_0_48     0.0365     0.1302     0.3073     0.3776     0.5339     0.5938     
RRatio_0_50     0.0938     0.3073     0.4635     0.5339     0.5026     0.5703     

Undetected Outlier Ratio:
                SRatio_0_1 SRatio_0_2 SRatio_0_3 SRatio_0_4 SRatio_0_5 SRatio_0_6 
RRatio_0_02     0.0087     0.0000     0.0000     0.0000     0.0000     0.0000     
RRatio_0_04     0.0347     0.0000     0.0000     0.0000     0.0000     0.0000     
RRatio_0_06     0.0868     0.0208     0.0069     0.0000     0.0000     0.0000     
RRatio_0_08     0.1493     0.0382     0.0122     0.0035     0.0017     0.0000     
RRatio_0_10     0.1701     0.0538     0.0191     0.0017     0.0017     0.0000     
RRatio_0_12     0.1875     0.0712     0.0208     0.0087     0.0069     0.0017     
RRatio_0_14     0.2118     0.0677     0.0365     0.0156     0.0035     0.0017     
RRatio_0_16     0.1997     0.0851     0.0365     0.0174     0.0017     0.0017     
RRatio_0_18     0.2361     0.1024     0.0469     0.0191     0.0052     0.0017     
RRatio_0_20     0.2170     0.1094     0.0469     0.0174     0.0069     0.0052     
RRatio_0_22     0.2309     0.1181     0.0642     0.0260     0.0069     0.0087     
RRatio_0_24     0.2500     0.1267     0.0729     0.0417     0.0122     0.0087     
RRatio_0_26     0.2240     0.1250     0.0677     0.0313     0.0226     0.0087     
RRatio_0_28     0.2361     0.1285     0.0972     0.0573     0.0260     0.0191     
RRatio_0_30     0.2587     0.1441     0.0955     0.0729     0.0451     0.0330     
RRatio_0_32     0.2639     0.1597     0.1128     0.0920     0.0538     0.0503     
RRatio_0_34     0.2656     0.1753     0.1215     0.1146     0.1024     0.0712     
RRatio_0_36     0.2708     0.1875     0.1580     0.1319     0.1181     0.1094     
RRatio_0_38     0.2656     0.2153     0.1580     0.1823     0.1510     0.1493     
RRatio_0_40     0.2882     0.2361     0.2188     0.1875     0.1927     0.1632     
RRatio_0_42     0.3003     0.2378     0.2274     0.2101     0.2083     0.2049     
RRatio_0_44     0.3056     0.2639     0.2448     0.2292     0.2361     0.2118     
RRatio_0_46     0.3229     0.2656     0.2552     0.2326     0.2604     0.2413     
RRatio_0_48     0.3108     0.2830     0.2951     0.2639     0.3038     0.2899     
RRatio_0_50     0.3490     0.3073     0.3090     0.2986     0.2969     0.3003     


========================================
 Experiement Settings: num_groups = 10
========================================
Missrate Out (Reconstructed Bases):
                SRatio_0_1 SRatio_0_2 SRatio_0_3 SRatio_0_4 SRatio_0_5 SRatio_0_6 
RRatio_0_02     0.0000     0.0000     0.0000     0.0000     0.0014     0.0153     
RRatio_0_04     0.0000     0.0000     0.0000     0.0000     0.0000     0.0264     
RRatio_0_06     0.0000     0.0000     0.0000     0.0000     0.0028     0.0376     
RRatio_0_08     0.0000     0.0000     0.0000     0.0000     0.0014     0.0584     
RRatio_0_10     0.0000     0.0000     0.0000     0.0000     0.0125     0.0781     
RRatio_0_12     0.0000     0.0000     0.0000     0.0014     0.0154     0.1194     
RRatio_0_14     0.0000     0.0000     0.0000     0.0014     0.0154     0.1750     
RRatio_0_16     0.0000     0.0000     0.0000     0.0028     0.0349     0.2148     
RRatio_0_18     0.0000     0.0000     0.0000     0.0043     0.0503     0.2577     
RRatio_0_20     0.0000     0.0000     0.0000     0.0057     0.0774     0.3403     
RRatio_0_22     0.0055     0.0000     0.0000     0.0170     0.0997     0.3994     
RRatio_0_24     0.0000     0.0000     0.0000     0.0158     0.1451     0.4000     
RRatio_0_26     0.0000     0.0000     0.0000     0.0363     0.1880     0.4698     
RRatio_0_28     0.0000     0.0000     0.0015     0.0587     0.2643     0.5418     
RRatio_0_30     0.0000     0.0033     0.0107     0.1037     0.3726     0.6049     
RRatio_0_32     0.0074     0.0000     0.0281     0.1902     0.4729     0.6513     
RRatio_0_34     0.0000     0.0137     0.1106     0.3296     0.5191     0.7086     
RRatio_0_36     0.0000     0.0257     0.1569     0.4311     0.6057     0.7623     
RRatio_0_38     0.0215     0.0476     0.2675     0.5033     0.6782     0.7901     
RRatio_0_40     0.0039     0.1470     0.4092     0.6178     0.7496     0.8464     
RRatio_0_42     0.0465     0.1855     0.5036     0.6817     0.7715     0.8270     
RRatio_0_44     0.0247     0.3467     0.5749     0.7355     0.7989     0.8179     
RRatio_0_46     0.1097     0.4750     0.6946     0.7710     0.8292     0.8505     
RRatio_0_48     0.1852     0.5251     0.7668     0.8679     0.8597     0.8843     
RRatio_0_50     0.2604     0.6960     0.8148     0.8541     0.8955     0.8916     

Missrate Out (GT Bases):
                SRatio_0_1 SRatio_0_2 SRatio_0_3 SRatio_0_4 SRatio_0_5 SRatio_0_6 
RRatio_0_02     0.0000     0.0000     0.0000     0.0000     0.0014     0.0153     
RRatio_0_04     0.0000     0.0000     0.0000     0.0000     0.0000     0.0264     
RRatio_0_06     0.0000     0.0000     0.0000     0.0000     0.0028     0.0375     
RRatio_0_08     0.0000     0.0000     0.0000     0.0000     0.0014     0.0556     
RRatio_0_10     0.0000     0.0000     0.0000     0.0000     0.0125     0.0792     
RRatio_0_12     0.0000     0.0000     0.0000     0.0000     0.0153     0.1194     
RRatio_0_14     0.0000     0.0000     0.0000     0.0014     0.0167     0.1806     
RRatio_0_16     0.0000     0.0000     0.0000     0.0028     0.0389     0.2139     
RRatio_0_18     0.0000     0.0000     0.0000     0.0028     0.0569     0.2583     
RRatio_0_20     0.0000     0.0000     0.0000     0.0069     0.0639     0.3292     
RRatio_0_22     0.0000     0.0000     0.0000     0.0125     0.0944     0.3847     
RRatio_0_24     0.0000     0.0000     0.0014     0.0208     0.1375     0.3875     
RRatio_0_26     0.0000     0.0000     0.0000     0.0208     0.1778     0.4750     
RRatio_0_28     0.0000     0.0000     0.0014     0.0458     0.2194     0.5361     
RRatio_0_30     0.0000     0.0000     0.0056     0.0500     0.2569     0.6042     
RRatio_0_32     0.0000     0.0000     0.0042     0.0569     0.3389     0.6097     
RRatio_0_34     0.0000     0.0000     0.0028     0.0889     0.3556     0.6542     
RRatio_0_36     0.0000     0.0014     0.0097     0.1569     0.4042     0.7028     
RRatio_0_38     0.0000     0.0028     0.0208     0.1986     0.4583     0.7236     
RRatio_0_40     0.0000     0.0014     0.0306     0.2486     0.5222     0.7083     
RRatio_0_42     0.0000     0.0000     0.0278     0.2500     0.5292     0.7556     
RRatio_0_44     0.0000     0.0042     0.0736     0.3181     0.5861     0.7069     
RRatio_0_46     0.0000     0.0069     0.0903     0.3472     0.6292     0.7764     
RRatio_0_48     0.0000     0.0097     0.1167     0.4167     0.6333     0.7903     
RRatio_0_50     0.0000     0.0042     0.1486     0.4486     0.6889     0.7917     

Recover Error (Reconstructed Bases):
                SRatio_0_1 SRatio_0_2 SRatio_0_3 SRatio_0_4 SRatio_0_5 SRatio_0_6 
RRatio_0_02     0.0014     0.0014     0.0014     0.0015     0.0745     0.1491     
RRatio_0_04     0.0045     0.0042     0.0041     0.0046     0.0045     0.2070     
RRatio_0_06     0.0153     0.0154     0.0113     0.0059     0.0876     0.2808     
RRatio_0_08     0.0244     0.0301     0.0219     0.0141     0.1075     0.3425     
RRatio_0_10     0.0400     0.0388     0.0315     0.0184     0.1775     0.4322     
RRatio_0_12     0.0582     0.0506     0.0370     0.0587     0.2169     0.5290     
RRatio_0_14     0.0572     0.0669     0.0533     0.0866     0.2280     0.6147     
RRatio_0_16     0.0692     0.0705     0.0719     0.1169     0.3130     0.6751     
RRatio_0_18     0.0753     0.0897     0.0810     0.1389     0.3723     0.7465     
RRatio_0_20     0.0755     0.1034     0.1060     0.1735     0.4599     0.8307     
RRatio_0_22     0.1726     0.1162     0.1223     0.2367     0.5070     0.8894     
RRatio_0_24     0.1044     0.1273     0.1444     0.2678     0.5919     0.9308     
RRatio_0_26     0.1188     0.1560     0.1842     0.3651     0.6650     0.9713     
RRatio_0_28     0.1184     0.1834     0.2418     0.4431     0.7635     1.0469     
RRatio_0_30     0.1446     0.2493     0.2952     0.5478     0.8590     1.0885     
RRatio_0_32     0.2157     0.2008     0.3714     0.6702     0.9413     1.1197     
RRatio_0_34     0.1783     0.3319     0.5520     0.8355     0.9856     1.1486     
RRatio_0_36     0.2152     0.3527     0.6382     0.8935     1.0369     1.1588     
RRatio_0_38     0.2956     0.4404     0.7484     0.9370     1.0965     1.1801     
RRatio_0_40     0.2477     0.5749     0.8253     0.9962     1.1073     1.1985     
RRatio_0_42     0.3450     0.6223     0.8765     1.0211     1.1157     1.1923     
RRatio_0_44     0.3441     0.7400     0.9012     1.0313     1.1247     1.1841     
RRatio_0_46     0.4670     0.8112     0.9565     1.0517     1.1263     1.1911     
RRatio_0_48     0.5391     0.8137     0.9736     1.0548     1.1173     1.1917     
RRatio_0_50     0.5961     0.8650     0.9675     1.0627     1.1245     1.1856     

Recover Error (Reconstructed Bases with Detected True Outliers):
                SRatio_0_1 SRatio_0_2 SRatio_0_3 SRatio_0_4 SRatio_0_5 SRatio_0_6 
RRatio_0_02     0.0006     0.0006     0.0006     0.0006     0.0745     0.1491     
RRatio_0_04     0.0034     0.0037     0.0037     0.0039     0.0041     0.2070     
RRatio_0_06     0.0047     0.0049     0.0051     0.0055     0.0866     0.2801     
RRatio_0_08     0.0056     0.0057     0.0060     0.0064     0.0905     0.3390     
RRatio_0_10     0.0063     0.0066     0.0069     0.0072     0.1725     0.4152     
RRatio_0_12     0.0068     0.0071     0.0075     0.0244     0.2236     0.5261     
RRatio_0_14     0.0074     0.0078     0.0079     0.0757     0.2247     0.6300     
RRatio_0_16     0.0078     0.0082     0.0086     0.1012     0.3162     0.6758     
RRatio_0_18     0.0083     0.0086     0.0410     0.1092     0.3834     0.7427     
RRatio_0_20     0.0086     0.0090     0.0387     0.1595     0.4414     0.8287     
RRatio_0_22     0.0090     0.0096     0.0504     0.2174     0.4902     0.8752     
RRatio_0_24     0.0092     0.0194     0.0866     0.2499     0.5762     0.9171     
RRatio_0_26     0.0097     0.0103     0.0527     0.2708     0.6444     0.9697     
RRatio_0_28     0.0099     0.0106     0.0814     0.3518     0.7278     1.0382     
RRatio_0_30     0.0103     0.0221     0.1325     0.4030     0.7643     1.0776     
RRatio_0_32     0.0105     0.0473     0.1654     0.4499     0.8374     1.0911     
RRatio_0_34     0.0108     0.0177     0.1911     0.4955     0.8783     1.1159     
RRatio_0_36     0.0109     0.0603     0.2334     0.5971     0.8951     1.1366     
RRatio_0_38     0.0237     0.0989     0.2761     0.6628     0.9624     1.1733     
RRatio_0_40     0.0330     0.0844     0.3314     0.7137     1.0110     1.1566     
RRatio_0_42     0.0118     0.1078     0.3514     0.7552     1.0193     1.1846     
RRatio_0_44     0.0285     0.1482     0.4500     0.8034     1.0497     1.1658     
RRatio_0_46     0.0428     0.1594     0.4814     0.8480     1.0673     1.1939     
RRatio_0_48     0.0225     0.1965     0.5455     0.8866     1.0801     1.1839     
RRatio_0_50     0.0372     0.2280     0.5843     0.9231     1.0996     1.1972     

Recover Error (GT Bases):
                SRatio_0_1 SRatio_0_2 SRatio_0_3 SRatio_0_4 SRatio_0_5 SRatio_0_6 
RRatio_0_02     0.0006     0.0006     0.0006     0.0006     0.0745     0.1491     
RRatio_0_04     0.0034     0.0037     0.0037     0.0039     0.0041     0.2070     
RRatio_0_06     0.0047     0.0049     0.0051     0.0055     0.0866     0.2801     
RRatio_0_08     0.0056     0.0057     0.0060     0.0064     0.0905     0.3390     
RRatio_0_10     0.0063     0.0066     0.0069     0.0072     0.1725     0.4152     
RRatio_0_12     0.0068     0.0071     0.0075     0.0244     0.2236     0.5261     
RRatio_0_14     0.0074     0.0078     0.0079     0.0757     0.2247     0.6300     
RRatio_0_16     0.0078     0.0082     0.0086     0.1012     0.3162     0.6758     
RRatio_0_18     0.0083     0.0086     0.0410     0.1092     0.3834     0.7427     
RRatio_0_20     0.0086     0.0090     0.0387     0.1595     0.4414     0.8287     
RRatio_0_22     0.0090     0.0096     0.0504     0.2174     0.4902     0.8752     
RRatio_0_24     0.0092     0.0194     0.0866     0.2499     0.5762     0.9171     
RRatio_0_26     0.0097     0.0103     0.0527     0.2708     0.6444     0.9697     
RRatio_0_28     0.0099     0.0106     0.0814     0.3518     0.7278     1.0382     
RRatio_0_30     0.0103     0.0221     0.1325     0.4030     0.7643     1.0776     
RRatio_0_32     0.0105     0.0473     0.1654     0.4499     0.8374     1.0911     
RRatio_0_34     0.0108     0.0177     0.1911     0.4955     0.8783     1.1159     
RRatio_0_36     0.0109     0.0603     0.2334     0.5971     0.8951     1.1366     
RRatio_0_38     0.0237     0.0989     0.2761     0.6628     0.9624     1.1733     
RRatio_0_40     0.0330     0.0844     0.3314     0.7137     1.0110     1.1566     
RRatio_0_42     0.0118     0.1078     0.3514     0.7552     1.0193     1.1846     
RRatio_0_44     0.0285     0.1482     0.4500     0.8034     1.0497     1.1658     
RRatio_0_46     0.0428     0.1594     0.4814     0.8480     1.0673     1.1939     
RRatio_0_48     0.0225     0.1965     0.5455     0.8866     1.0801     1.1839     
RRatio_0_50     0.0372     0.2280     0.5843     0.9231     1.0996     1.1972     

Missrate In (SSC):
                SRatio_0_1 SRatio_0_2 SRatio_0_3 SRatio_0_4 SRatio_0_5 SRatio_0_6 
RRatio_0_02     0.0000     0.0000     0.0000     0.0000     0.0000     0.0000     
RRatio_0_04     0.0000     0.0000     0.0000     0.0000     0.0000     0.0000     
RRatio_0_06     0.0000     0.0000     0.0000     0.0000     0.0000     0.0000     
RRatio_0_08     0.0000     0.0000     0.0000     0.0000     0.0000     0.0000     
RRatio_0_10     0.0000     0.0000     0.0000     0.0000     0.0000     0.0000     
RRatio_0_12     0.0000     0.0000     0.0000     0.0000     0.0000     0.0000     
RRatio_0_14     0.0000     0.0000     0.0000     0.0000     0.0000     0.0000     
RRatio_0_16     0.0000     0.0000     0.0000     0.0000     0.0000     0.0000     
RRatio_0_18     0.0000     0.0000     0.0000     0.0021     0.0000     0.0000     
RRatio_0_20     0.0000     0.0000     0.0000     0.0000     0.0000     0.0042     
RRatio_0_22     0.0021     0.0000     0.0000     0.0021     0.0000     0.0021     
RRatio_0_24     0.0000     0.0000     0.0000     0.0000     0.0042     0.0104     
RRatio_0_26     0.0000     0.0000     0.0000     0.0063     0.0021     0.0042     
RRatio_0_28     0.0000     0.0000     0.0000     0.0021     0.0042     0.0146     
RRatio_0_30     0.0021     0.0021     0.0000     0.0083     0.0208     0.0292     
RRatio_0_32     0.0042     0.0000     0.0021     0.0187     0.0354     0.0479     
RRatio_0_34     0.0000     0.0042     0.0229     0.0563     0.0375     0.0958     
RRatio_0_36     0.0021     0.0063     0.0375     0.0688     0.0938     0.1250     
RRatio_0_38     0.0063     0.0104     0.0604     0.0833     0.1042     0.1688     
RRatio_0_40     0.0042     0.0417     0.0792     0.1521     0.1812     0.2271     
RRatio_0_42     0.0229     0.0479     0.1104     0.1708     0.2458     0.3187     
RRatio_0_44     0.0167     0.0875     0.1479     0.2875     0.3187     0.3333     
RRatio_0_46     0.0500     0.1896     0.2604     0.3271     0.4229     0.4896     
RRatio_0_48     0.0875     0.1812     0.4063     0.6312     0.5958     0.6563     
RRatio_0_50     0.1042     0.4188     0.5563     0.5313     0.7063     0.6500     

Undetected Outlier Ratio:
                SRatio_0_1 SRatio_0_2 SRatio_0_3 SRatio_0_4 SRatio_0_5 SRatio_0_6 
RRatio_0_02     0.0069     0.0000     0.0000     0.0000     0.0000     0.0000     
RRatio_0_04     0.0319     0.0000     0.0000     0.0000     0.0000     0.0000     
RRatio_0_06     0.0986     0.0139     0.0056     0.0000     0.0000     0.0014     
RRatio_0_08     0.1458     0.0486     0.0139     0.0042     0.0042     0.0014     
RRatio_0_10     0.1889     0.0472     0.0208     0.0014     0.0014     0.0042     
RRatio_0_12     0.2028     0.0597     0.0194     0.0125     0.0083     0.0000     
RRatio_0_14     0.2056     0.0819     0.0333     0.0069     0.0056     0.0000     
RRatio_0_16     0.2125     0.0806     0.0403     0.0167     0.0042     0.0042     
RRatio_0_18     0.2250     0.1083     0.0431     0.0222     0.0056     0.0028     
RRatio_0_20     0.2264     0.1083     0.0458     0.0208     0.0125     0.0083     
RRatio_0_22     0.2444     0.1042     0.0472     0.0181     0.0111     0.0056     
RRatio_0_24     0.2403     0.1236     0.0639     0.0319     0.0139     0.0139     
RRatio_0_26     0.2583     0.1264     0.0847     0.0444     0.0250     0.0125     
RRatio_0_28     0.2222     0.1444     0.0903     0.0528     0.0278     0.0208     
RRatio_0_30     0.2583     0.1542     0.0944     0.0625     0.0569     0.0403     
RRatio_0_32     0.2472     0.1431     0.1111     0.0944     0.0778     0.0639     
RRatio_0_34     0.2639     0.1861     0.1458     0.1278     0.0931     0.0944     
RRatio_0_36     0.2806     0.1889     0.1681     0.1431     0.1264     0.1236     
RRatio_0_38     0.2889     0.2125     0.2056     0.1583     0.1542     0.1597     
RRatio_0_40     0.2819     0.2347     0.2125     0.2042     0.2014     0.2042     
RRatio_0_42     0.3125     0.2514     0.2194     0.2278     0.2403     0.2292     
RRatio_0_44     0.3264     0.2750     0.2583     0.2597     0.2542     0.2375     
RRatio_0_46     0.3292     0.3042     0.2861     0.2722     0.2764     0.2569     
RRatio_0_48     0.3250     0.3069     0.2972     0.2958     0.2972     0.2917     
RRatio_0_50     0.3333     0.3375     0.3250     0.2861     0.3222     0.3083     


